
4.0000 2.2346 0.1569 10.0000 0.0290 
4.0000 2.2346 0.1367 10.0000 0.0267 
4.0000 2.2346 0.1290 10.0000 0.0174 
4.0000 2.2346 0.1623 14.0000 0.0154 
5.0000 0.4892 0.0833 8.0000 0.0214 
6.0000 0.3023 0.0971 11.0000 0.0164 
7.0000 0.3448 0.0300 7.0000 0.0087 
9.0000 0.4360 0.0119 8.0000 0.0093 
9.0000 0.4360 0.0353 6.0000 0.0097 
10.0000 0.3648 0.0447 9.0000 0.0089 
17.0000 0.5874 0.0411 8.0000 0.0416 
17.0000 0.5874 0.0093 3.0000 0.0010 
17.0000 0.5874 0.0101 5.0000 0.0045 
17.0000 0.5874 0.0254 5.0000 0.0077 
17.0000 0.5874 0.0173 6.0000 0.0053 
17.0000 0.5874 0.1597 24.0000 0.0192 
17.0000 0.5874 0.1592 10.0000 0.0258 
18.0000 0.5998 0.1041 8.0000 0.0217 
19.0000 0.5253 0.1500 8.0000 0.0309 
24.0000 0.6322 0.0736 15.0000 0.0097 
24.0000 0.6322 0.0797 22.0000 0.0222 
24.0000 0.6322 0.0651 22.0000 0.0095 
24.0000 0.6322 0.0131 7.0000 0.0034 
24.0000 0.6322 0.0220 20.0000 0.0053 
27.0000 0.6941 0.0283 8.0000 0.0057 
27.0000 0.6941 0.0187 8.0000 0.0043 
27.0000 0.6941 0.1820 18.0000 0.0211 
32.0000 0.7970 0.0784 8.0000 0.0217 
32.0000 0.7970 0.0877 24.0000 0.0057 
32.0000 0.7970 0.0260 12.0000 0.0059 
32.0000 0.7970 0.0099 3.0000 0.0067 
32.0000 0.7970 0.0343 9.0000 0.0094 
42.0000 1.0072 0.0308 8.0000 0.0088 
42.0000 1.0072 0.0257 6.0000 0.0037 
42.0000 1.0072 0.0323 7.0000 0.0102 
42.0000 1.0072 0.1552 15.0000 0.0232 
42.0000 1.0072 0.1789 15.0000 0.0252 
42.0000 1.0072 0.0206 7.0000 0.0029 
42.0000 1.0072 0.0128 5.0000 0.0073 
42.0000 1.0072 0.0246 7.0000 0.0059 
42.0000 1.0072 0.0358 6.0000 0.0096 
42.0000 1.0072 0.0316 8.0000 0.0114 
44.0000 0.9995 0.0717 13.0000 0.0128 
44.0000 0.9995 0.0582 15.0000 0.0123 
45.0000 1.0119 0.0566 7.0000 0.0182 
4.0000 2.2346 0.1569 10.0000 0.0290 
4.0000 2.2346 0.1367 10.0000 0.0267 
4.0000 2.2346 0.1290 10.0000 0.0174 
4.0000 2.2346 0.1623 14.0000 0.0154 
4.0000 2.2346 0.1569 10.0000 0.0290 
4.0000 2.2346 0.1367 10.0000 0.0267 
4.0000 2.2346 0.1290 10.0000 0.0174 
4.0000 2.2346 0.1623 14.0000 0.0154 